# attempt error_px pairs largest aligned models seconds
attempt 1 20 13667 642 642 1 73.5512
attempt 2 16.8317 13522 643 643 1 26.7615
attempt 3 14.1654 13321 643 643 1 22.28
attempt 4 11.9214 12950 643 643 1 22.0128
attempt 5 10.0329 12415 644 644 1 31.0329
attempt 6 8.44357 11606 644 644 1 144.695
attempt 7 7.106 10626 644 644 1 34.408
attempt 8 5.98032 9473 644 644 1 33.8939
attempt 9 3 5965 644 644 1 43.0654
attempt 10 4.23568 10897 645 645 1 43.9113
attempt 11 3.56469 8841 645 645 1 37.4343
attempt 12 3 7390 645 645 1 47.0363
# pass images image_size features pairs verified largest_before largest_after error_before error_after seconds outcome
pass 1 34 3260 13004 21422 18386 644 645 1.45909 1.45438 243.922 kept
pass 2 33 4429 20643 21341 18736 645 645 1.45438 1.38781 237.426 undone
pass 3 33 6016 32768 21355 20239 645 645 1.45438 1.38779 337.312 undone
